1420000000
27 27
27 27
27 27
44 44
44 44
59 59
41 38
41 34
41 33
41 33
41 33
41 27
45 28
62 41
121 94
198 170
291 260
440 406
571 529
830 771
1287 1208
1975 1870
2744 2613
4515 4349
5974 5739
7711 7417
9692 9308
11791 11289
14380 13748
17205 16369
20438 19381
24324 22942
28018 26302
31161 28984
34546 31774
37198 33738
40171 35982
48315 43303
55220 49367
58761 51860
63851 55748
66492 56873
68500 57416
70548 57934
72436 58023
74185 57805
75002 56729
75891 55391
76288 53284
76936 52092
77150 49824
77658 47672
78064 45604
78497 42808
78824 39919
79251 37414
79824 35329
80026 32652
80151 30004
80270 27433
80409 25352
80552 23784
80651 22177
80695 20533
80735 19016
80754 17721
80778 16145
80793 14831
80813 13526
80824 12094
80844 10734
80860 9898
80881 8976
80894 8056
80928 7263
80967 6569
81008 6013
81054 5549
81093 5120
81171 4735
81218 4287
81285 3947
81340 3460
81394 3128
81439 2691
