60000000
2 2
2 2
2 2
2 2
2 2
3 3
3 3
3 3
3 3
3 3
3 3
3 3
3 3
3 3
3 3
3 3
3 3
3 3
3 3
3 3
20 19
79 75
150 145
229 222
322 311
400 430
650 588
888 821
1128 1049
1694 1577
2036 1835
2502 2263
3089 2706
3858 3296
4636 3916
5883 5061
7375 6387
9172 7985
10149 8514
12462 10590
15113 12839
17660 14955
21157 17750
24747 20603
27980 23073
31506 26062
35713 28710
41035 33190
47021 37860
53578 42681
59138 46638
63927 50418
69176 54030
74386 57521
80589 62013
86498 66414
92472 70065
97689 73880
101739 75528
105792 77635
110574 80572
115242 83049
119827 85388
124632 88274
