50000000
1 1
1 1
1 1
1 1
2 2
2 2
3 3
4 4
4 4
4 4
6 6
11 11
12 12
15 15
15 15
16 16
19 18
23 21
24 22
24 22
27 24
27 23
28 24
28 21
28 21
28 21
28 21
29 20
30 20
31 19
51 35
104 87
204 185
433 413
602 580
833 802
977 943
1261 1225
1766 1726
2337 2297
3150 3105
4212 4159
4812 4750
5328 5255
5766 5643
6284 6134
6767 6605
7134 6954
7382 7165
7513 7212
7755 7407
7869 7470
7979 7402
8086 7300
8162 7253
8236 7024
8320 6838
8413 6789
8565 6527
8652 6325
8799 6085
8897 5884
8961 5684
9037 5410
9137 5281
9241 4966
9332 4665
9478 4523
9583 4398
