46000000
1 1
1 1
1 1
1 1
1 1
1 1
1 1
1 1
1 1
2 2
2 2
2 2
2 2
3 2
3 0
3 0
3 0
3 0
3 0
3 0
3 0
3 0
3 0
3 0
4 1
10 7
14 11
26 23
34 31
59 56
85 82
121 118
166 162
228 223
282 275
401 363
525 485
674 625
1231 1169
1695 1524
2277 2039
3146 2871
5232 4906
6391 5678
7988 7177
9942 9070
11826 10265
14769 13050
18077 16137
21571 18890
25496 21990
29909 25521
35480 29783
42058 35270
50105 41088
57786 46403
65719 51224
73232 54965
80110 58598
87956 63460
95923 68200
104118 72084
112065 74974
119199 77488
126168 80002
