326000000
1 1
1 1
1 1
2 2
3 3
5 5
5 5
5 5
5 5
6 6
7 7
8 8
11 11
11 11
11 11
12 12
12 12
12 12
12 12
12 12
12 12
12 12
12 12
12 12
12 12
12 12
12 12
12 12
12 12
12 12
14 9
14 9
14 9
14 9
14 9
14 8
15 9
15 9
19 13
24 16
42 31
57 42
85 67
111 91
175 155
252 223
353 319
497 461
645 604
936 890
1205 1153
1598 1542
2163 2098
2825 2720
3501 3379
4373 4222
5662 5458
8074 7844
12018 11734
17439 17062
23710 23241
32341 31755
42751 41936
52690 51630
64916 63616
81966 78943
101012 96955
121105 115835
140223 133233
160686 152195
186082 175025
212814 199190
241626 225402
273808 254518
307036 283859
